# Density matrices rho_(2,j) at t = 0.5
# First row of Fig 3
# Format: real + i*imag (row-wise)

j = 0
9.728927130843e-38 0.000000000000e+00  0.000000000000e+00 0.000000000000e+00  0.000000000000e+00 0.000000000000e+00  0.000000000000e+00 0.000000000000e+00  
0.000000000000e+00 0.000000000000e+00  5.840690135956e-01 0.000000000000e+00  -6.279102712870e-02 3.440296351910e-01  0.000000000000e+00 0.000000000000e+00  
0.000000000000e+00 0.000000000000e+00  -6.279102712870e-02 -3.440296351910e-01  2.093915194273e-01 0.000000000000e+00  0.000000000000e+00 0.000000000000e+00  
0.000000000000e+00 0.000000000000e+00  0.000000000000e+00 0.000000000000e+00  0.000000000000e+00 0.000000000000e+00  2.065394520760e-01 0.000000000000e+00  

j = 2
3.177525156633e-34 0.000000000000e+00  0.000000000000e+00 0.000000000000e+00  0.000000000000e+00 0.000000000000e+00  0.000000000000e+00 0.000000000000e+00  
0.000000000000e+00 0.000000000000e+00  5.840690135956e-01 0.000000000000e+00  3.211268037558e-02 3.342168033123e-01  0.000000000000e+00 0.000000000000e+00  
0.000000000000e+00 0.000000000000e+00  3.211268037558e-02 -3.342168033123e-01  1.930116117001e-01 0.000000000000e+00  0.000000000000e+00 0.000000000000e+00  
0.000000000000e+00 0.000000000000e+00  0.000000000000e+00 0.000000000000e+00  0.000000000000e+00 0.000000000000e+00  2.229193598032e-01 0.000000000000e+00  

j = 3
2.760473099149e-31 0.000000000000e+00  0.000000000000e+00 0.000000000000e+00  0.000000000000e+00 0.000000000000e+00  0.000000000000e+00 0.000000000000e+00  
0.000000000000e+00 0.000000000000e+00  5.840690135956e-01 0.000000000000e+00  -8.626960963011e-02 1.525780651718e-02  0.000000000000e+00 0.000000000000e+00  
0.000000000000e+00 0.000000000000e+00  -8.626960963011e-02 -1.525780651718e-02  1.314099412411e-02 0.000000000000e+00  0.000000000000e+00 0.000000000000e+00  
0.000000000000e+00 0.000000000000e+00  0.000000000000e+00 0.000000000000e+00  0.000000000000e+00 0.000000000000e+00  4.027899801731e-01 0.000000000000e+00  

j = 4
2.161839751429e-28 0.000000000000e+00  0.000000000000e+00 0.000000000000e+00  0.000000000000e+00 0.000000000000e+00  0.000000000000e+00 0.000000000000e+00  
0.000000000000e+00 0.000000000000e+00  5.840690135956e-01 0.000000000000e+00  -3.548352979124e-03 -1.448281574994e-02  0.000000000000e+00 0.000000000000e+00  
0.000000000000e+00 0.000000000000e+00  -3.548352979124e-03 1.448281574994e-02  3.806790045928e-04 0.000000000000e+00  0.000000000000e+00 0.000000000000e+00  
0.000000000000e+00 0.000000000000e+00  0.000000000000e+00 0.000000000000e+00  0.000000000000e+00 0.000000000000e+00  4.155502915382e-01 0.000000000000e+00  

j = 5
1.457916272171e-25 0.000000000000e+00  0.000000000000e+00 0.000000000000e+00  0.000000000000e+00 0.000000000000e+00  0.000000000000e+00 0.000000000000e+00  
0.000000000000e+00 0.000000000000e+00  5.840690135956e-01 0.000000000000e+00  1.806446001865e-03 -5.473246565089e-04  0.000000000000e+00 0.000000000000e+00  
0.000000000000e+00 0.000000000000e+00  1.806446001865e-03 5.473246565089e-04  6.099987786001e-06 0.000000000000e+00  0.000000000000e+00 0.000000000000e+00  
0.000000000000e+00 0.000000000000e+00  0.000000000000e+00 0.000000000000e+00  0.000000000000e+00 0.000000000000e+00  4.159248769283e-01 0.000000000000e+00  

j = 6
8.371101625392e-23 0.000000000000e+00  0.000000000000e+00 0.000000000000e+00  0.000000000000e+00 0.000000000000e+00  0.000000000000e+00 0.000000000000e+00  
0.000000000000e+00 0.000000000000e+00  5.840690135956e-01 0.000000000000e+00  6.324576679617e-05 1.795512216631e-04  0.000000000000e+00 0.000000000000e+00  
0.000000000000e+00 0.000000000000e+00  6.324576679617e-05 -1.795512216631e-04  6.204525959674e-08 0.000000000000e+00  0.000000000000e+00 0.000000000000e+00  
0.000000000000e+00 0.000000000000e+00  0.000000000000e+00 0.000000000000e+00  0.000000000000e+00 0.000000000000e+00  4.159308969975e-01 0.000000000000e+00  

j = 7
4.035740537873e-20 0.000000000000e+00  0.000000000000e+00 0.000000000000e+00  0.000000000000e+00 0.000000000000e+00  0.000000000000e+00 0.000000000000e+00  
0.000000000000e+00 0.000000000000e+00  5.840690135956e-01 0.000000000000e+00  -1.485293978476e-05 5.845683517691e-06  0.000000000000e+00 0.000000000000e+00  
0.000000000000e+00 0.000000000000e+00  -1.485293978476e-05 -5.845683517691e-06  4.362196714958e-10 0.000000000000e+00  0.000000000000e+00 0.000000000000e+00  
0.000000000000e+00 0.000000000000e+00  0.000000000000e+00 0.000000000000e+00  0.000000000000e+00 0.000000000000e+00  4.159309566021e-01 0.000000000000e+00  

j = 8
1.606580295075e-17 0.000000000000e+00  0.000000000000e+00 0.000000000000e+00  0.000000000000e+00 0.000000000000e+00  0.000000000000e+00 0.000000000000e+00  
0.000000000000e+00 0.000000000000e+00  5.840690135956e-01 0.000000000000e+00  -4.501517310018e-07 -1.053373580362e-06  0.000000000000e+00 0.000000000000e+00  
0.000000000000e+00 0.000000000000e+00  -4.501517310018e-07 1.053373580362e-06  2.246727760433e-12 0.000000000000e+00  0.000000000000e+00 0.000000000000e+00  
0.000000000000e+00 0.000000000000e+00  0.000000000000e+00 0.000000000000e+00  0.000000000000e+00 0.000000000000e+00  4.159309566021e-01 0.000000000000e+00  

j = 9
5.174899933889e-15 0.000000000000e+00  0.000000000000e+00 0.000000000000e+00  0.000000000000e+00 0.000000000000e+00  0.000000000000e+00 0.000000000000e+00  
0.000000000000e+00 0.000000000000e+00  5.840690135956e-01 0.000000000000e+00  6.544449604462e-08 -2.968955925553e-08  0.000000000000e+00 0.000000000000e+00  
0.000000000000e+00 0.000000000000e+00  6.544449604462e-08 2.968955925553e-08  1.252849058086e-14 0.000000000000e+00  0.000000000000e+00 0.000000000000e+00  
0.000000000000e+00 0.000000000000e+00  0.000000000000e+00 0.000000000000e+00  0.000000000000e+00 0.000000000000e+00  4.159309566021e-01 0.000000000000e+00  

j = 10
1.315173230737e-12 0.000000000000e+00  0.000000000000e+00 0.000000000000e+00  0.000000000000e+00 0.000000000000e+00  0.000000000000e+00 0.000000000000e+00  
0.000000000000e+00 0.000000000000e+00  5.840690135956e-01 0.000000000000e+00  1.710587116399e-09 3.620939548199e-09  0.000000000000e+00 0.000000000000e+00  
0.000000000000e+00 0.000000000000e+00  1.710587116399e-09 -3.620939548199e-09  9.368151870567e-13 0.000000000000e+00  0.000000000000e+00 0.000000000000e+00  
0.000000000000e+00 0.000000000000e+00  0.000000000000e+00 0.000000000000e+00  0.000000000000e+00 0.000000000000e+00  4.159309566021e-01 0.000000000000e+00  

j = 11
2.554001177213e-10 0.000000000000e+00  0.000000000000e+00 0.000000000000e+00  0.000000000000e+00 0.000000000000e+00  0.000000000000e+00 0.000000000000e+00  
0.000000000000e+00 0.000000000000e+00  5.840690135956e-01 0.000000000000e+00  -1.807383687158e-10 8.735336759491e-11  0.000000000000e+00 0.000000000000e+00  
0.000000000000e+00 0.000000000000e+00  -1.807383687158e-10 -8.735336759491e-11  1.819109723966e-10 0.000000000000e+00  0.000000000000e+00 0.000000000000e+00  
0.000000000000e+00 0.000000000000e+00  0.000000000000e+00 0.000000000000e+00  0.000000000000e+00 0.000000000000e+00  4.159309566021e-01 0.000000000000e+00  

j = 12
3.633178380369e-08 0.000000000000e+00  0.000000000000e+00 0.000000000000e+00  0.000000000000e+00 0.000000000000e+00  0.000000000000e+00 0.000000000000e+00  
0.000000000000e+00 0.000000000000e+00  5.840690135956e-01 0.000000000000e+00  -3.995869607420e-12 -8.224650994981e-12  0.000000000000e+00 0.000000000000e+00  
0.000000000000e+00 0.000000000000e+00  -3.995869607420e-12 8.224650994981e-12  2.587657199626e-08 0.000000000000e+00  0.000000000000e+00 0.000000000000e+00  
0.000000000000e+00 0.000000000000e+00  0.000000000000e+00 0.000000000000e+00  0.000000000000e+00 0.000000000000e+00  4.159309566021e-01 0.000000000000e+00  

j = 13
3.572243485905e-06 0.000000000000e+00  0.000000000000e+00 0.000000000000e+00  0.000000000000e+00 0.000000000000e+00  0.000000000000e+00 0.000000000000e+00  
0.000000000000e+00 0.000000000000e+00  5.840654373169e-01 0.000000000000e+00  3.441979774116e-13 -1.649136556481e-13  0.000000000000e+00 0.000000000000e+00  
0.000000000000e+00 0.000000000000e+00  3.441979774116e-13 1.649136556481e-13  2.544165909057e-06 0.000000000000e+00  0.000000000000e+00 0.000000000000e+00  
0.000000000000e+00 0.000000000000e+00  0.000000000000e+00 0.000000000000e+00  0.000000000000e+00 0.000000000000e+00  4.159284234047e-01 0.000000000000e+00  

j = 14
2.229254168924e-04 0.000000000000e+00  0.000000000000e+00 0.000000000000e+00  0.000000000000e+00 0.000000000000e+00  0.000000000000e+00 0.000000000000e+00  
0.000000000000e+00 0.000000000000e+00  5.838460922241e-01 0.000000000000e+00  6.156766126786e-15 1.333847430700e-14  0.000000000000e+00 0.000000000000e+00  
0.000000000000e+00 0.000000000000e+00  6.156766126786e-15 -1.333847430700e-14  1.587632868905e-04 0.000000000000e+00  0.000000000000e+00 0.000000000000e+00  
0.000000000000e+00 0.000000000000e+00  0.000000000000e+00 0.000000000000e+00  0.000000000000e+00 0.000000000000e+00  4.157721996307e-01 0.000000000000e+00  

j = 15
7.693908642977e-03 0.000000000000e+00  0.000000000000e+00 0.000000000000e+00  0.000000000000e+00 0.000000000000e+00  0.000000000000e+00 0.000000000000e+00  
0.000000000000e+00 0.000000000000e+00  5.763751268387e-01 0.000000000000e+00  -4.709037318613e-16 2.032453307005e-16  0.000000000000e+00 0.000000000000e+00  
0.000000000000e+00 0.000000000000e+00  -4.709037318613e-16 -2.032453307005e-16  5.479300394654e-03 0.000000000000e+00  0.000000000000e+00 0.000000000000e+00  
0.000000000000e+00 0.000000000000e+00  0.000000000000e+00 0.000000000000e+00  0.000000000000e+00 0.000000000000e+00  4.104516804218e-01 0.000000000000e+00  

j = 16
1.129702702165e-01 0.000000000000e+00  0.000000000000e+00 0.000000000000e+00  0.000000000000e+00 0.000000000000e+00  0.000000000000e+00 0.000000000000e+00  
0.000000000000e+00 0.000000000000e+00  4.710987508297e-01 0.000000000000e+00  -4.112655978830e-18 -1.002712060850e-17  0.000000000000e+00 0.000000000000e+00  
0.000000000000e+00 0.000000000000e+00  -4.112655978830e-18 1.002712060850e-17  8.045092225075e-02 0.000000000000e+00  0.000000000000e+00 0.000000000000e+00  
0.000000000000e+00 0.000000000000e+00  0.000000000000e+00 0.000000000000e+00  0.000000000000e+00 0.000000000000e+00  3.354800641537e-01 0.000000000000e+00  

j = 17
3.424966037273e-01 0.000000000000e+00  0.000000000000e+00 0.000000000000e+00  0.000000000000e+00 0.000000000000e+00  0.000000000000e+00 0.000000000000e+00  
0.000000000000e+00 0.000000000000e+00  2.415724396706e-01 0.000000000000e+00  -6.523193356491e-19 6.671194838134e-20  0.000000000000e+00 0.000000000000e+00  
0.000000000000e+00 0.000000000000e+00  -6.523193356491e-19 -6.671194838134e-20  2.439005374908e-01 0.000000000000e+00  0.000000000000e+00 0.000000000000e+00  
0.000000000000e+00 0.000000000000e+00  0.000000000000e+00 0.000000000000e+00  0.000000000000e+00 0.000000000000e+00  1.720304340124e-01 0.000000000000e+00  

j = 18
1.127312704921e-01 0.000000000000e+00  0.000000000000e+00 0.000000000000e+00  0.000000000000e+00 0.000000000000e+00  0.000000000000e+00 0.000000000000e+00  
0.000000000000e+00 0.000000000000e+00  4.713377654552e-01 0.000000000000e+00  2.046817228291e-20 -2.025637624135e-19  0.000000000000e+00 0.000000000000e+00  
0.000000000000e+00 0.000000000000e+00  2.046817228291e-20 2.025637624135e-19  8.027736842632e-02 0.000000000000e+00  0.000000000000e+00 0.000000000000e+00  
0.000000000000e+00 0.000000000000e+00  0.000000000000e+00 0.000000000000e+00  0.000000000000e+00 0.000000000000e+00  3.356536030769e-01 0.000000000000e+00  

j = 19
7.950448431075e-03 0.000000000000e+00  0.000000000000e+00 0.000000000000e+00  0.000000000000e+00 0.000000000000e+00  0.000000000000e+00 0.000000000000e+00  
0.000000000000e+00 0.000000000000e+00  5.761185884476e-01 0.000000000000e+00  4.865234994319e-20 1.366855054609e-20  0.000000000000e+00 0.000000000000e+00  
0.000000000000e+00 0.000000000000e+00  4.865234994319e-20 -1.366855054609e-20  5.661520175636e-03 0.000000000000e+00  0.000000000000e+00 0.000000000000e+00  
0.000000000000e+00 0.000000000000e+00  0.000000000000e+00 0.000000000000e+00  0.000000000000e+00 0.000000000000e+00  4.102694392204e-01 0.000000000000e+00  

