# Density matrices rho_(2,j) at t = 0
# Config = 3
# Format: real + i*imag (row-wise)

j = 0
0.000000000000e+00 0.000000000000e+00  0.000000000000e+00 0.000000000000e+00  0.000000000000e+00 0.000000000000e+00  0.000000000000e+00 0.000000000000e+00  
0.000000000000e+00 0.000000000000e+00  1.000000000000e+00 0.000000000000e+00  0.000000000000e+00 0.000000000000e+00  0.000000000000e+00 0.000000000000e+00  
0.000000000000e+00 0.000000000000e+00  0.000000000000e+00 0.000000000000e+00  0.000000000000e+00 0.000000000000e+00  0.000000000000e+00 0.000000000000e+00  
0.000000000000e+00 0.000000000000e+00  0.000000000000e+00 0.000000000000e+00  0.000000000000e+00 0.000000000000e+00  0.000000000000e+00 0.000000000000e+00  

j = 2
0.000000000000e+00 0.000000000000e+00  0.000000000000e+00 0.000000000000e+00  0.000000000000e+00 0.000000000000e+00  0.000000000000e+00 0.000000000000e+00  
0.000000000000e+00 0.000000000000e+00  1.000000000000e+00 0.000000000000e+00  0.000000000000e+00 0.000000000000e+00  0.000000000000e+00 0.000000000000e+00  
0.000000000000e+00 0.000000000000e+00  0.000000000000e+00 0.000000000000e+00  0.000000000000e+00 0.000000000000e+00  0.000000000000e+00 0.000000000000e+00  
0.000000000000e+00 0.000000000000e+00  0.000000000000e+00 0.000000000000e+00  0.000000000000e+00 0.000000000000e+00  0.000000000000e+00 0.000000000000e+00  

j = 3
0.000000000000e+00 0.000000000000e+00  0.000000000000e+00 0.000000000000e+00  0.000000000000e+00 0.000000000000e+00  0.000000000000e+00 0.000000000000e+00  
0.000000000000e+00 0.000000000000e+00  1.000000000000e+00 0.000000000000e+00  0.000000000000e+00 0.000000000000e+00  0.000000000000e+00 0.000000000000e+00  
0.000000000000e+00 0.000000000000e+00  0.000000000000e+00 0.000000000000e+00  0.000000000000e+00 0.000000000000e+00  0.000000000000e+00 0.000000000000e+00  
0.000000000000e+00 0.000000000000e+00  0.000000000000e+00 0.000000000000e+00  0.000000000000e+00 0.000000000000e+00  0.000000000000e+00 0.000000000000e+00  

j = 4
0.000000000000e+00 0.000000000000e+00  0.000000000000e+00 0.000000000000e+00  0.000000000000e+00 0.000000000000e+00  0.000000000000e+00 0.000000000000e+00  
0.000000000000e+00 0.000000000000e+00  1.000000000000e+00 0.000000000000e+00  0.000000000000e+00 0.000000000000e+00  0.000000000000e+00 0.000000000000e+00  
0.000000000000e+00 0.000000000000e+00  0.000000000000e+00 0.000000000000e+00  0.000000000000e+00 0.000000000000e+00  0.000000000000e+00 0.000000000000e+00  
0.000000000000e+00 0.000000000000e+00  0.000000000000e+00 0.000000000000e+00  0.000000000000e+00 0.000000000000e+00  0.000000000000e+00 0.000000000000e+00  

j = 5
0.000000000000e+00 0.000000000000e+00  0.000000000000e+00 0.000000000000e+00  0.000000000000e+00 0.000000000000e+00  0.000000000000e+00 0.000000000000e+00  
0.000000000000e+00 0.000000000000e+00  1.000000000000e+00 0.000000000000e+00  0.000000000000e+00 0.000000000000e+00  0.000000000000e+00 0.000000000000e+00  
0.000000000000e+00 0.000000000000e+00  0.000000000000e+00 0.000000000000e+00  0.000000000000e+00 0.000000000000e+00  0.000000000000e+00 0.000000000000e+00  
0.000000000000e+00 0.000000000000e+00  0.000000000000e+00 0.000000000000e+00  0.000000000000e+00 0.000000000000e+00  0.000000000000e+00 0.000000000000e+00  

j = 6
0.000000000000e+00 0.000000000000e+00  0.000000000000e+00 0.000000000000e+00  0.000000000000e+00 0.000000000000e+00  0.000000000000e+00 0.000000000000e+00  
0.000000000000e+00 0.000000000000e+00  1.000000000000e+00 0.000000000000e+00  0.000000000000e+00 0.000000000000e+00  0.000000000000e+00 0.000000000000e+00  
0.000000000000e+00 0.000000000000e+00  0.000000000000e+00 0.000000000000e+00  0.000000000000e+00 0.000000000000e+00  0.000000000000e+00 0.000000000000e+00  
0.000000000000e+00 0.000000000000e+00  0.000000000000e+00 0.000000000000e+00  0.000000000000e+00 0.000000000000e+00  0.000000000000e+00 0.000000000000e+00  

j = 7
0.000000000000e+00 0.000000000000e+00  0.000000000000e+00 0.000000000000e+00  0.000000000000e+00 0.000000000000e+00  0.000000000000e+00 0.000000000000e+00  
0.000000000000e+00 0.000000000000e+00  1.000000000000e+00 0.000000000000e+00  0.000000000000e+00 0.000000000000e+00  0.000000000000e+00 0.000000000000e+00  
0.000000000000e+00 0.000000000000e+00  0.000000000000e+00 0.000000000000e+00  0.000000000000e+00 0.000000000000e+00  0.000000000000e+00 0.000000000000e+00  
0.000000000000e+00 0.000000000000e+00  0.000000000000e+00 0.000000000000e+00  0.000000000000e+00 0.000000000000e+00  0.000000000000e+00 0.000000000000e+00  

j = 8
0.000000000000e+00 0.000000000000e+00  0.000000000000e+00 0.000000000000e+00  0.000000000000e+00 0.000000000000e+00  0.000000000000e+00 0.000000000000e+00  
0.000000000000e+00 0.000000000000e+00  1.000000000000e+00 0.000000000000e+00  0.000000000000e+00 0.000000000000e+00  0.000000000000e+00 0.000000000000e+00  
0.000000000000e+00 0.000000000000e+00  0.000000000000e+00 0.000000000000e+00  0.000000000000e+00 0.000000000000e+00  0.000000000000e+00 0.000000000000e+00  
0.000000000000e+00 0.000000000000e+00  0.000000000000e+00 0.000000000000e+00  0.000000000000e+00 0.000000000000e+00  0.000000000000e+00 0.000000000000e+00  

j = 9
0.000000000000e+00 0.000000000000e+00  0.000000000000e+00 0.000000000000e+00  0.000000000000e+00 0.000000000000e+00  0.000000000000e+00 0.000000000000e+00  
0.000000000000e+00 0.000000000000e+00  1.000000000000e+00 0.000000000000e+00  0.000000000000e+00 0.000000000000e+00  0.000000000000e+00 0.000000000000e+00  
0.000000000000e+00 0.000000000000e+00  0.000000000000e+00 0.000000000000e+00  0.000000000000e+00 0.000000000000e+00  0.000000000000e+00 0.000000000000e+00  
0.000000000000e+00 0.000000000000e+00  0.000000000000e+00 0.000000000000e+00  0.000000000000e+00 0.000000000000e+00  0.000000000000e+00 0.000000000000e+00  

j = 10
0.000000000000e+00 0.000000000000e+00  0.000000000000e+00 0.000000000000e+00  0.000000000000e+00 0.000000000000e+00  0.000000000000e+00 0.000000000000e+00  
0.000000000000e+00 0.000000000000e+00  1.000000000000e+00 0.000000000000e+00  0.000000000000e+00 0.000000000000e+00  0.000000000000e+00 0.000000000000e+00  
0.000000000000e+00 0.000000000000e+00  0.000000000000e+00 0.000000000000e+00  0.000000000000e+00 0.000000000000e+00  0.000000000000e+00 0.000000000000e+00  
0.000000000000e+00 0.000000000000e+00  0.000000000000e+00 0.000000000000e+00  0.000000000000e+00 0.000000000000e+00  0.000000000000e+00 0.000000000000e+00  

j = 11
0.000000000000e+00 0.000000000000e+00  0.000000000000e+00 0.000000000000e+00  0.000000000000e+00 0.000000000000e+00  0.000000000000e+00 0.000000000000e+00  
0.000000000000e+00 0.000000000000e+00  1.000000000000e+00 0.000000000000e+00  0.000000000000e+00 0.000000000000e+00  0.000000000000e+00 0.000000000000e+00  
0.000000000000e+00 0.000000000000e+00  0.000000000000e+00 0.000000000000e+00  0.000000000000e+00 0.000000000000e+00  0.000000000000e+00 0.000000000000e+00  
0.000000000000e+00 0.000000000000e+00  0.000000000000e+00 0.000000000000e+00  0.000000000000e+00 0.000000000000e+00  0.000000000000e+00 0.000000000000e+00  

j = 12
0.000000000000e+00 0.000000000000e+00  0.000000000000e+00 0.000000000000e+00  0.000000000000e+00 0.000000000000e+00  0.000000000000e+00 0.000000000000e+00  
0.000000000000e+00 0.000000000000e+00  1.000000000000e+00 0.000000000000e+00  0.000000000000e+00 0.000000000000e+00  0.000000000000e+00 0.000000000000e+00  
0.000000000000e+00 0.000000000000e+00  0.000000000000e+00 0.000000000000e+00  0.000000000000e+00 0.000000000000e+00  0.000000000000e+00 0.000000000000e+00  
0.000000000000e+00 0.000000000000e+00  0.000000000000e+00 0.000000000000e+00  0.000000000000e+00 0.000000000000e+00  0.000000000000e+00 0.000000000000e+00  

j = 13
0.000000000000e+00 0.000000000000e+00  0.000000000000e+00 0.000000000000e+00  0.000000000000e+00 0.000000000000e+00  0.000000000000e+00 0.000000000000e+00  
0.000000000000e+00 0.000000000000e+00  1.000000000000e+00 0.000000000000e+00  0.000000000000e+00 0.000000000000e+00  0.000000000000e+00 0.000000000000e+00  
0.000000000000e+00 0.000000000000e+00  0.000000000000e+00 0.000000000000e+00  0.000000000000e+00 0.000000000000e+00  0.000000000000e+00 0.000000000000e+00  
0.000000000000e+00 0.000000000000e+00  0.000000000000e+00 0.000000000000e+00  0.000000000000e+00 0.000000000000e+00  0.000000000000e+00 0.000000000000e+00  

j = 14
0.000000000000e+00 0.000000000000e+00  0.000000000000e+00 0.000000000000e+00  0.000000000000e+00 0.000000000000e+00  0.000000000000e+00 0.000000000000e+00  
0.000000000000e+00 0.000000000000e+00  1.000000000000e+00 0.000000000000e+00  0.000000000000e+00 0.000000000000e+00  0.000000000000e+00 0.000000000000e+00  
0.000000000000e+00 0.000000000000e+00  0.000000000000e+00 0.000000000000e+00  0.000000000000e+00 0.000000000000e+00  0.000000000000e+00 0.000000000000e+00  
0.000000000000e+00 0.000000000000e+00  0.000000000000e+00 0.000000000000e+00  0.000000000000e+00 0.000000000000e+00  0.000000000000e+00 0.000000000000e+00  

j = 15
0.000000000000e+00 0.000000000000e+00  0.000000000000e+00 0.000000000000e+00  0.000000000000e+00 0.000000000000e+00  0.000000000000e+00 0.000000000000e+00  
0.000000000000e+00 0.000000000000e+00  1.000000000000e+00 0.000000000000e+00  0.000000000000e+00 0.000000000000e+00  0.000000000000e+00 0.000000000000e+00  
0.000000000000e+00 0.000000000000e+00  0.000000000000e+00 0.000000000000e+00  0.000000000000e+00 0.000000000000e+00  0.000000000000e+00 0.000000000000e+00  
0.000000000000e+00 0.000000000000e+00  0.000000000000e+00 0.000000000000e+00  0.000000000000e+00 0.000000000000e+00  0.000000000000e+00 0.000000000000e+00  

j = 16
0.000000000000e+00 0.000000000000e+00  0.000000000000e+00 0.000000000000e+00  0.000000000000e+00 0.000000000000e+00  0.000000000000e+00 0.000000000000e+00  
0.000000000000e+00 0.000000000000e+00  1.000000000000e+00 0.000000000000e+00  0.000000000000e+00 0.000000000000e+00  0.000000000000e+00 0.000000000000e+00  
0.000000000000e+00 0.000000000000e+00  0.000000000000e+00 0.000000000000e+00  0.000000000000e+00 0.000000000000e+00  0.000000000000e+00 0.000000000000e+00  
0.000000000000e+00 0.000000000000e+00  0.000000000000e+00 0.000000000000e+00  0.000000000000e+00 0.000000000000e+00  0.000000000000e+00 0.000000000000e+00  

j = 17
1.000000000000e+00 0.000000000000e+00  0.000000000000e+00 0.000000000000e+00  0.000000000000e+00 0.000000000000e+00  0.000000000000e+00 0.000000000000e+00  
0.000000000000e+00 0.000000000000e+00  0.000000000000e+00 0.000000000000e+00  0.000000000000e+00 0.000000000000e+00  0.000000000000e+00 0.000000000000e+00  
0.000000000000e+00 0.000000000000e+00  0.000000000000e+00 0.000000000000e+00  0.000000000000e+00 0.000000000000e+00  0.000000000000e+00 0.000000000000e+00  
0.000000000000e+00 0.000000000000e+00  0.000000000000e+00 0.000000000000e+00  0.000000000000e+00 0.000000000000e+00  0.000000000000e+00 0.000000000000e+00  

j = 18
0.000000000000e+00 0.000000000000e+00  0.000000000000e+00 0.000000000000e+00  0.000000000000e+00 0.000000000000e+00  0.000000000000e+00 0.000000000000e+00  
0.000000000000e+00 0.000000000000e+00  1.000000000000e+00 0.000000000000e+00  0.000000000000e+00 0.000000000000e+00  0.000000000000e+00 0.000000000000e+00  
0.000000000000e+00 0.000000000000e+00  0.000000000000e+00 0.000000000000e+00  0.000000000000e+00 0.000000000000e+00  0.000000000000e+00 0.000000000000e+00  
0.000000000000e+00 0.000000000000e+00  0.000000000000e+00 0.000000000000e+00  0.000000000000e+00 0.000000000000e+00  0.000000000000e+00 0.000000000000e+00  

j = 19
0.000000000000e+00 0.000000000000e+00  0.000000000000e+00 0.000000000000e+00  0.000000000000e+00 0.000000000000e+00  0.000000000000e+00 0.000000000000e+00  
0.000000000000e+00 0.000000000000e+00  1.000000000000e+00 0.000000000000e+00  0.000000000000e+00 0.000000000000e+00  0.000000000000e+00 0.000000000000e+00  
0.000000000000e+00 0.000000000000e+00  0.000000000000e+00 0.000000000000e+00  0.000000000000e+00 0.000000000000e+00  0.000000000000e+00 0.000000000000e+00  
0.000000000000e+00 0.000000000000e+00  0.000000000000e+00 0.000000000000e+00  0.000000000000e+00 0.000000000000e+00  0.000000000000e+00 0.000000000000e+00  

